<?xml version="1.0"?>
<opencv_storage>
<Points0>
  5.93500000e+02 7.01250000e+01 6.41125000e+02 5.91250000e+01
  6.15500000e+02 5.71250000e+01 6.42375000e+02 73. 1.43750000e+01 134.
  5.22500000e+01 1.00125000e+02 3.51250000e+01 1.43250000e+02
  1.42125000e+02 137. 1.34125000e+02 1.54125000e+02 1.39250000e+02
  1.03750000e+02 1.66375000e+02 9.07500000e+01 2.46750000e+02
  1.38875000e+02 2.14250000e+02 1.38125000e+02 2.44125000e+02
  1.44125000e+02 2.46375000e+02 1.07875000e+02 2.10250000e+02
  1.06125000e+02 3.37125000e+02 142. 3.62375000e+02 1.11125000e+02
  3.84500000e+02 113. 3.63375000e+02 101. 3.82375000e+02 9.97500000e+01
  4.19625000e+02 1.43875000e+02 4.97500000e+02 145. 4.68250000e+02
  1.16875000e+02 4.46500000e+02 1.16750000e+02 5.86500000e+02 109.
  5.19625000e+02 1.18125000e+02 5.46250000e+02 88. 6.15625000e+02
  1.45125000e+02 6.95250000e+02 1.49125000e+02 7.36250000e+02 85.
  7.33500000e+02 80. 7.46625000e+02 1.10125000e+02 7.45500000e+02
  1.43250000e+02 7.90250000e+02 1.03125000e+02 8.53875000e+02
  1.24750000e+02 8.57875000e+02 1.08875000e+02 8.81500000e+02 108.
  9.84125000e+02 1.35375000e+02 1.06025000e+03 144. 1.14750000e+03
  1.50125000e+02 5.62500000e+01 1.96375000e+02 3.83750000e+01
  1.75250000e+02 4.03750000e+01 1.95125000e+02 2.41250000e+01
  1.74625000e+02 2.76250000e+01 228. 1.49500000e+02 2.02375000e+02
  1.15375000e+02 2.04250000e+02 1.13125000e+02 1.66250000e+02
  1.53625000e+02 225. 1.16500000e+02 2.25750000e+02 2.53500000e+02
  2.02250000e+02 2.22375000e+02 203. 2.50875000e+02 2.11125000e+02
  2.25500000e+02 2.11250000e+02 3.40625000e+02 2.24125000e+02
  3.12625000e+02 1.96125000e+02 3.65750000e+02 1.96750000e+02
  3.97375000e+02 1.95250000e+02 3.22875000e+02 1.77250000e+02 423.
  2.23125000e+02 4.99375000e+02 2.22250000e+02 4.45125000e+02
  1.96125000e+02 4.75125000e+02 1.96250000e+02 5.41250000e+02 226.
  5.21375000e+02 1.96125000e+02 5.64750000e+02 226. 5.19625000e+02
  1.79125000e+02 7.74375000e+02 1.53625000e+02 7.84375000e+02
  1.94375000e+02 8.26250000e+02 160. 8.86250000e+02 171. 8.38250000e+02
  2.03125000e+02 8.30750000e+02 2.01875000e+02 8.20250000e+02
  1.99250000e+02 9.49750000e+02 179. 9.60375000e+02 2.23125000e+02
  9.51125000e+02 2.21250000e+02 9.39125000e+02 2.18875000e+02 1000.
  2.27875000e+02 1.02212500e+03 1.88250000e+02 1.05737500e+03
  1.78125000e+02 1.10050000e+03 1.97875000e+02 1.14175000e+03 188.
  1.19137500e+03 2.09125000e+02 6.91250000e+01 2.86625000e+02
  5.53750000e+01 2.85750000e+02 5.16250000e+01 2.66250000e+02
  1.71250000e+01 2.66875000e+02 1.60625000e+02 2.88125000e+02
  1.26625000e+02 2.90125000e+02 1.55375000e+02 2.54125000e+02
  1.22125000e+02 2.55125000e+02 1.53250000e+02 2.42875000e+02
  2.59250000e+02 2.58500000e+02 2.60250000e+02 271. 2.26125000e+02
  2.59875000e+02 2.26500000e+02 2.72125000e+02 3.19375000e+02
  2.75875000e+02 3.70375000e+02 2.74750000e+02 4.01375000e+02
  2.73875000e+02 357. 2.57875000e+02 3.44250000e+02 301. 4.48125000e+02
  272. 4.77625000e+02 2.70750000e+02 4.26125000e+02 2.95875000e+02
  5.01750000e+02 2.96125000e+02 4.87125000e+02 2.53875000e+02
  5.21375000e+02 2.69875000e+02 5.41375000e+02 2.39875000e+02
  5.65625000e+02 2.39375000e+02 5.12875000e+02 2.53750000e+02
  8.91375000e+02 2.78125000e+02 8.82500000e+02 275. 8.71500000e+02 273.
  8.63500000e+02 271. 8.84250000e+02 2.50125000e+02 9.23500000e+02
  2.84125000e+02 9.35625000e+02 2.67250000e+02 9.45375000e+02
  2.88625000e+02 9.55500000e+02 2.91125000e+02 9.46375000e+02
  2.62375000e+02 1.08775000e+03 2.42375000e+02 1.07525000e+03 240.
  1.08562500e+03 2.39125000e+02 1.08525000e+03 263. 1.08237500e+03
  2.90125000e+02 1.17512500e+03 2.55750000e+02 1.20850000e+03
  2.61250000e+02 1.19425000e+03 2.58875000e+02 1.16162500e+03
  2.54375000e+02 1.17350000e+03 2.52625000e+02 1.96125000e+02
  3.80750000e+02 1.76500000e+02 3.76875000e+02 1.46125000e+02
  3.25125000e+02 2.08125000e+02 3.60750000e+02 2.33500000e+02 362.
  2.43250000e+02 3.55875000e+02 2.59375000e+02 359. 3.33500000e+02 364.
  3.57750000e+02 3.44500000e+02 3.92625000e+02 3.55875000e+02
  3.93875000e+02 363. 3.49125000e+02 359. 435. 3.41875000e+02
  4.63375000e+02 343. 4.85125000e+02 3.77750000e+02 5.53625000e+02
  3.48125000e+02 5.39750000e+02 3.24125000e+02 5.64500000e+02 320.
  5.22375000e+02 3.60250000e+02 5.96375000e+02 371. 6.45500000e+02
  3.43125000e+02 6.46375000e+02 367. 6.82375000e+02 3.21875000e+02
  7.00250000e+02 320. 6.86500000e+02 3.44250000e+02 7.20625000e+02 374.
  7.60750000e+02 3.34750000e+02 758. 361. 7.96625000e+02 3.45875000e+02
  8.36250000e+02 344. 8.78500000e+02 336. 8.22625000e+02 3.21750000e+02
  8.35500000e+02 3.40250000e+02 9.38500000e+02 353. 1.00525000e+03
  3.71125000e+02 9.98125000e+02 3.69125000e+02 9.99625000e+02
  3.46125000e+02 1.10662500e+03 3.22125000e+02 1.10512500e+03
  3.18875000e+02 1.09475000e+03 3.19875000e+02 1.07962500e+03 317.
  1.09825000e+03 3.17875000e+02 1.19625000e+03 3.41250000e+02
  1.16537500e+03 3.34125000e+02 3.47625000e+02 414. 3.15375000e+02
  4.14750000e+02 4.53625000e+02 402. 4.37250000e+02 4.05125000e+02
  5.89625000e+02 3.95875000e+02 625. 407. 6.29375000e+02 4.18875000e+02
  6.66750000e+02 4.07125000e+02 6.74500000e+02 439. 6.88375000e+02
  4.31125000e+02 7.47375000e+02 4.24125000e+02 7.18500000e+02
  4.08250000e+02 7.13250000e+02 448. 8.28500000e+02 427. 8.50250000e+02
  426. 8.59500000e+02 432. 8.70500000e+02 4.32875000e+02 8.95125000e+02
  4.23250000e+02 9.63375000e+02 4.46875000e+02 9.74625000e+02
  4.50750000e+02 9.76250000e+02 4.23125000e+02 1.00325000e+03
  4.54250000e+02 9.85500000e+02 4.31750000e+02 1.08112500e+03 390.
  1.01925000e+03 4.15875000e+02 1.09862500e+03 3.95250000e+02 1165. 412.
  1.15437500e+03 410. 625. 520. 6.55375000e+02 5.25125000e+02
  6.62500000e+02 4.77250000e+02 6.19250000e+02 471. 6.35375000e+02
  4.66750000e+02 8.18375000e+02 4.83875000e+02 8.27250000e+02
  4.79875000e+02 8.94625000e+02 499. 8.45500000e+02 4.81875000e+02
  8.90375000e+02 4.68875000e+02 1.17612500e+03 505. 1.16637500e+03
  5.00750000e+02 1.13837500e+03 505. 1.18250000e+03 5.10125000e+02
  5.39750000e+02 6.09250000e+02 5.21375000e+02 6.07625000e+02
  6.44375000e+02 566. 6.53625000e+02 5.94875000e+02 6.63500000e+02
  6.01125000e+02 6.79500000e+02 6.04125000e+02 7.53375000e+02
  6.08875000e+02 7.47500000e+02 6.08875000e+02 7.19250000e+02
  6.07750000e+02 740. 5.63250000e+02 7.37500000e+02 577. 1.29825000e+03
  564. 6.67500000e+02 6.50125000e+02 6.87375000e+02 6.58250000e+02
  6.96750000e+02 6.62875000e+02 7.33625000e+02 6.44250000e+02
  7.45125000e+02 6.52250000e+02 7.92125000e+02 6.59875000e+02
  8.77500000e+02 6.57750000e+02 1.15337500e+03 6.62875000e+02
  1.14550000e+03 6.60875000e+02 1.12637500e+03 6.51125000e+02
  1.13037500e+03 6.23750000e+02 1.12712500e+03 6.87375000e+02
  7.10500000e+02 7.42625000e+02 7.58375000e+02 737. 7.55500000e+02
  7.30250000e+02 7.96125000e+02 7.59750000e+02 7.21625000e+02
  7.37750000e+02 7.80625000e+02 7.46125000e+02 8.77250000e+02
  7.31125000e+02 8.81375000e+02 711. 8.98500000e+02 7.34250000e+02
  8.88375000e+02 7.53500000e+02 9.70500000e+02 7.68250000e+02
  1.05212500e+03 7.24125000e+02 1.09887500e+03 7.37250000e+02
  1.06837500e+03 7.39125000e+02 1.02537500e+03 7.65500000e+02
  1.10550000e+03 7.09625000e+02 1.18425000e+03 7.29875000e+02
  1.17462500e+03 7.18750000e+02 1.13837500e+03 7.11875000e+02 773.
  7.82625000e+02 7.82250000e+02 7.87125000e+02 7.89375000e+02 783.
  8.04500000e+02 824. 8.83500000e+02 792. 8.79375000e+02 777.
  8.16250000e+02 838. 8.78375000e+02 8.28625000e+02 9.14500000e+02 814.
  946. 8.30125000e+02 919. 8.25250000e+02 9.31500000e+02 8.20125000e+02
  9.41375000e+02 774. 1.11275000e+03 7.94125000e+02 1.02125000e+03 797.
  1.07562500e+03 8.35250000e+02 1.14075000e+03 8.12500000e+02
  1.17362500e+03 8.29875000e+02 8.87625000e+02 8.89875000e+02
  8.99375000e+02 8.84125000e+02 8.87375000e+02 8.70875000e+02
  9.58500000e+02 9.14250000e+02 9.18875000e+02 909. 9.96125000e+02
