<?xml version="1.0"?>
<opencv_storage>
<Points0>
  4.85000000e+01 5.05000000e+01 2.47500000e+01 4.87500000e+01
  3.02500000e+01 5.25000000e+01 2.32500000e+01 3.45000000e+01 119.
  2.45000000e+01 132. 2.32500000e+01 1.45500000e+02 2.05000000e+01
  1.45500000e+02 1.15000000e+01 2.03500000e+02 6.45000000e+01
  3.27250000e+02 3.05000000e+01 5.79500000e+02 3.05000000e+01
  5.94250000e+02 3.82500000e+01 3.95000000e+01 1.09250000e+02
  3.21500000e+02 1.03500000e+02 4.49250000e+02 1.17500000e+02
  3.72500000e+01 1.71500000e+02 1.67250000e+02 1.86500000e+02
  2.99250000e+02 1.96500000e+02 447. 1.77500000e+02 4.42250000e+02
  2.03500000e+02 4.37750000e+02 1.76500000e+02 4.18500000e+02 182.
  4.43500000e+02 2.42500000e+02 4.00250000e+02 2.52500000e+02
  4.13500000e+02 2.61500000e+02 5.08500000e+02 2.66500000e+02
  2.27250000e+02 5.95000000e+01 365. 2.00500000e+02 5.11250000e+02
  1.47500000e+02 5.41500000e+02 1.88500000e+02 3.57500000e+02
  2.73250000e+02 2.37500000e+01 117. 2.49750000e+02 1.59250000e+02 202.
  159. 3.08500000e+02 1.59500000e+02 323. 2.11250000e+02 4.61500000e+02
  4.71500000e+02 5.05500000e+02 3.76250000e+02 5.10500000e+02
  4.53250000e+02 2.78500000e+02 2.46500000e+02 7.62500000e+02
  3.51500000e+02 7.41250000e+02 3.04500000e+02 5.27500000e+02
  4.84500000e+02 6.61250000e+02 1.92250000e+02 4.85250000e+02
  2.26500000e+02 4.90250000e+02 3.01500000e+02 3.80250000e+02
  4.57250000e+02 365. 5.08500000e+02 2.01500000e+02 2.50250000e+02
  5.25250000e+02 1.77500000e+02 6.65250000e+02 2.20500000e+02
  3.90250000e+02 2.58250000e+02 2.45500000e+02 3.02500000e+02
  2.75250000e+02 1.70500000e+02 4.92500000e+02 1.80250000e+02
  2.07250000e+02 1.55250000e+02 5.23500000e+02 257. 2.05250000e+02
  3.39750000e+02 1.07250000e+02 1.90250000e+02 185. 2.55250000e+02
  1.18250000e+02 2.48500000e+02 1.11750000e+02 2.78500000e+02
  8.72500000e+01 2.39250000e+02 522. 2.99500000e+02 5.64500000e+02 281.
  4.94500000e+02 2.93250000e+02 1.08500000e+02 2.93250000e+02
  3.43250000e+02 2.52500000e+02 3.72250000e+02 2.67500000e+02
  6.29250000e+02 2.01750000e+02 6.17250000e+02 2.47500000e+02
  3.56250000e+02 3.44500000e+02 3.47250000e+02 3.05750000e+02
  3.63250000e+02 3.06500000e+02 567. 3.33500000e+02 2.46500000e+02
  5.52500000e+01 5.96750000e+02 1.62500000e+02 1.44500000e+02
  7.47500000e+01 1.42250000e+02 9.07500000e+01 1.41250000e+02
  1.08500000e+02 1.54500000e+02 1.04250000e+02 4.67500000e+01
  9.02500000e+01 5.22500000e+01 1.29250000e+02 6.62250000e+02
  1.51500000e+02 7.37500000e+01 2.04250000e+02 4.92500000e+01
  2.05500000e+02 190. 186. 6.57500000e+02 3.48500000e+02 6.76750000e+02
  2.97500000e+02 685. 3.96500000e+02 1.72500000e+01 1.76250000e+02
  1.24250000e+02 2.07500000e+02 38. 2.38250000e+02 6.92250000e+02
  3.21250000e+02 6.83500000e+02 4.18250000e+02 7.03250000e+02
  5.49500000e+02 7.18750000e+02 5.65500000e+02 7.14500000e+02
  5.49250000e+02 7.05500000e+02 4.49500000e+02 6.61500000e+02
  2.72500000e+02 1.98500000e+02 2.39500000e+02 3.90500000e+02
  4.92750000e+02 3.70250000e+02 5.10500000e+02 3.52250000e+02
  5.47500000e+02 3.72500000e+02 5.43250000e+02 3.74500000e+02
  4.07500000e+02 5.32500000e+02 5.38500000e+02 534. 5.68750000e+02
  5.01250000e+02 5.23750000e+02 4.96500000e+02 519. 4.42250000e+02
  5.67250000e+02 3.54250000e+02 1.25250000e+02 3.54250000e+02
  1.35250000e+02 3.62500000e+02 1.14500000e+02 3.64250000e+02
  2.31750000e+02 1.76500000e+02 2.60500000e+02 6.65000000e+01
  2.29500000e+02 2.35000000e+01 2.70500000e+02 15. 3.78750000e+02
  4.75000000e+01 3.68250000e+02 2.13500000e+02 2.45250000e+02
  2.37750000e+02 1.22500000e+02 4.67250000e+02 3.15250000e+02
  3.96250000e+02 3.27500000e+02 4.27500000e+02 3.02500000e+02
  4.72500000e+02 1.24750000e+02 2.45250000e+02 3.12250000e+02
  2.40750000e+02 3.33500000e+02 3.15500000e+02 3.43500000e+02
  3.49500000e+02 3.35000000e+01 4.73750000e+02 309. 4.04250000e+02
  3.71500000e+02 4.04250000e+02 4.01500000e+02 621. 3.75250000e+02
  6.48500000e+02 3.76500000e+02 7.51750000e+02 4.26750000e+02
  2.82750000e+02 7.52500000e+01 2.66250000e+02 1.31500000e+02
  2.76250000e+02 1.00250000e+02 639. 4.15500000e+02 6.29500000e+02
  3.74750000e+02 4.67750000e+02 4.73250000e+02 5.08500000e+02
  3.96750000e+02 5.05250000e+02 3.71750000e+02 5.05500000e+02
  4.13500000e+02 4.43250000e+02 3.83250000e+02 4.46250000e+02
  4.13500000e+02 4.35500000e+02 4.53750000e+02 4.13750000e+02
  7.62500000e+01 4.07500000e+02 1.18250000e+02 5.83250000e+02
  2.49500000e+02 5.95250000e+02 3.50500000e+02 6.37750000e+02
  4.68500000e+02 6.34250000e+02 4.75250000e+02 6.04250000e+02
  5.40250000e+02 6.92500000e+02 4.08250000e+02 703. 4.43250000e+02
  6.98500000e+02 4.55500000e+02 711. 4.50750000e+02 7.51250000e+02
  5.16250000e+02 4.53250000e+02 5.32250000e+02 1.06750000e+02
  3.49750000e+02 1.20500000e+02 3.57500000e+02 1.18250000e+02
  3.90750000e+02 7.45000000e+01 363. 6.04750000e+02 2.94250000e+02
  3.02500000e+01 4.20250000e+02 4.35000000e+01 3.36500000e+02
  3.45000000e+01 3.35500000e+02 1.36250000e+02 3.29500000e+02
  5.45000000e+01 321. 5.95000000e+01 3.08500000e+02 1.52500000e+02
  4.67500000e+02 1.04250000e+02 3.76250000e+02 5.44250000e+02
  4.67750000e+02 497. 4.46250000e+02 626. 5.24500000e+02 6.47250000e+02
  4.67500000e+02 6.28500000e+02 5.51250000e+02 6.57750000e+02
  3.10500000e+02 1.68500000e+02 3.80750000e+02 3.03250000e+02
  4.60500000e+02 3.44250000e+02 4.85500000e+02 2.75250000e+02
  4.71250000e+02 2.73750000e+02 3.68500000e+02 2.18750000e+02
  4.43250000e+02</Points0>
