<?xml version="1.0"?>
<opencv_storage>
<Points0>
  2.91875000e+02 1.46750000e+02 2.98500000e+02 1.45875000e+02
  2.95500000e+02 151. 3.01750000e+02 1.49875000e+02 3.76750000e+02
  1.35750000e+02 3.63875000e+02 1.48875000e+02 349. 142. 3.74500000e+02
  102. 3.27375000e+02 1.42125000e+02 4.39500000e+02 1.50875000e+02
  4.12375000e+02 150. 4.67625000e+02 1.27875000e+02 5.24125000e+02
  1.32875000e+02 5.43250000e+02 1.34625000e+02 6.01500000e+02
  1.37250000e+02 5.76500000e+02 1.19250000e+02 6.66125000e+02
  1.44250000e+02 639. 1.41875000e+02 6.50250000e+02 1.24750000e+02
  6.29750000e+02 9.73750000e+01 6.29625000e+02 1.22250000e+02
  7.46250000e+02 1.50125000e+02 8.60125000e+02 1.47250000e+02
  1.08937500e+03 129. 1.08112500e+03 1.15375000e+02 1.18925000e+03
  1.38250000e+02 1.18937500e+03 143. 5.96250000e+01 1.96875000e+02
  9.33750000e+01 1.78750000e+02 8.92500000e+01 1.74125000e+02
  1.82500000e+01 190. 1.23750000e+01 1.83625000e+02 1.36375000e+02 185.
  1.63500000e+02 1.69750000e+02 1.58500000e+02 1.64375000e+02
  1.73625000e+02 1.68625000e+02 2.43375000e+02 1.68125000e+02
  2.81375000e+02 1.60875000e+02 2.27125000e+02 1.61125000e+02
  2.18500000e+02 1.61875000e+02 4.40500000e+02 1.63125000e+02
  4.12625000e+02 1.63625000e+02 4.71625000e+02 204. 4.14250000e+02
  2.22750000e+02 4.43750000e+02 225. 5.73125000e+02 1.62875000e+02
  5.86625000e+02 1.69250000e+02 5.61625000e+02 1.91250000e+02
  5.95375000e+02 213. 6.38375000e+02 1.68125000e+02 6.65500000e+02
  1.69125000e+02 6.59375000e+02 183. 6.36375000e+02 2.21875000e+02
  6.64375000e+02 223. 7.45500000e+02 1.74875000e+02 7.17625000e+02
  1.72250000e+02 7.42250000e+02 228. 7.15375000e+02 2.27125000e+02 788.
  227. 8.86500000e+02 1.86875000e+02 8.60375000e+02 159. 8.31750000e+02
  2.29375000e+02 8.21625000e+02 2.10500000e+02 8.93500000e+02
  2.12250000e+02 9.56625000e+02 192. 9.80500000e+02 1.69125000e+02
  9.35250000e+02 1.65750000e+02 1.06662500e+03 1.96875000e+02 1049.
  1.63250000e+02 1.21025000e+03 2.13375000e+02 1.25087500e+03
  2.21125000e+02 4.44250000e+02 238. 4.15500000e+02 237. 4.74625000e+02
  2.75875000e+02 4.17375000e+02 2.93875000e+02 4.46375000e+02
  2.95125000e+02 5.21125000e+02 278. 5.48750000e+02 2.80250000e+02
  5.95750000e+02 2.83250000e+02 5.51125000e+02 2.63125000e+02
  5.61500000e+02 266. 6.63750000e+02 2.40250000e+02 6.36500000e+02
  2.38875000e+02 6.38250000e+02 2.53875000e+02 6.35125000e+02 291.
  6.62250000e+02 2.92750000e+02 7.40250000e+02 2.73125000e+02
  7.39500000e+02 2.85125000e+02 7.13500000e+02 2.72125000e+02
  7.83375000e+02 295. 7.95375000e+02 2.81125000e+02 8.95625000e+02
  3.02125000e+02 8.52500000e+02 2.99125000e+02 8.78625000e+02
  2.55875000e+02 8.65625000e+02 283. 8.88375000e+02 2.84250000e+02
  9.49375000e+02 2.60250000e+02 9.72500000e+02 239. 9.87375000e+02
  2.68125000e+02 1.01150000e+03 2.69250000e+02 9.28375000e+02
  2.37125000e+02 1253. 2.64875000e+02 1.24612500e+03 2.63250000e+02
  1.34937500e+03 2.40250000e+02 1.33462500e+03 2.86250000e+02
  1.34337500e+03 2.89125000e+02 1.35337500e+03 2.91750000e+02
  1.39737500e+03 3.03125000e+02 4.75625000e+02 3.43875000e+02
  4.61125000e+02 364. 4.00500000e+02 363. 5.50500000e+02 3.49125000e+02
  5.54375000e+02 358. 5.54125000e+02 364. 6.17500000e+02 375.
  6.43375000e+02 3.65125000e+02 6.36625000e+02 3.21125000e+02
  6.59500000e+02 322. 6.44875000e+02 3.17500000e+02 8.02750000e+02
  3.64750000e+02 7.50625000e+02 3.65750000e+02 7.51500000e+02 367.
  7.77375000e+02 379. 8.02625000e+02 3.72875000e+02 8.75375000e+02
  3.62250000e+02 8.64375000e+02 3.60750000e+02 8.55375000e+02
  3.61125000e+02 9.08375000e+02 3.74375000e+02 8.72125000e+02
  3.20750000e+02 9.41125000e+02 3.24875000e+02 9.45875000e+02
  3.76125000e+02 9.33500000e+02 3.77875000e+02 9.38875000e+02
  3.70875000e+02 9.48375000e+02 3.68625000e+02 1.08850000e+03 376.
  1.10950000e+03 3.68875000e+02 1.08337500e+03 374. 1.09350000e+03 375.
  1.28212500e+03 3.44750000e+02 1.27487500e+03 342. 1.26637500e+03
  3.38625000e+02 1283. 3.16125000e+02 1282. 3.41250000e+02
  1.33312500e+03 3.65125000e+02 1.32475000e+03 3.61750000e+02
  1.33325000e+03 3.60125000e+02 1.33362500e+03 3.33875000e+02
  1.34437500e+03 3.35875000e+02 3.76250000e+02 448. 3.83250000e+02
  4.50875000e+02 3.71625000e+02 3.91875000e+02 3.99375000e+02
  4.31125000e+02 4.10375000e+02 3.71750000e+02 4.28500000e+02
  4.38250000e+02 4.19375000e+02 4.26125000e+02 5.71375000e+02
  4.14125000e+02 6.46750000e+02 3.94875000e+02 7.22375000e+02 406.
  7.80375000e+02 406. 8.41250000e+02 4.11250000e+02 8.26375000e+02
  4.02750000e+02 8.81375000e+02 4.05125000e+02 9.08125000e+02
  4.06125000e+02 8.82750000e+02 3.95250000e+02 9.20375000e+02 431.
  9.62500000e+02 401. 9.61625000e+02 4.22750000e+02 9.98375000e+02 420.
  9.97125000e+02 4.03375000e+02 1.02150000e+03 4.03250000e+02
  1.05750000e+03 435. 1.07512500e+03 4.45125000e+02 1.08162500e+03
  4.20125000e+02 1.06237500e+03 396. 1.18225000e+03 3.94250000e+02
  1.17337500e+03 4.50125000e+02 1.36512500e+03 4.57250000e+02
  3.56250000e+01 5.12125000e+02 1.73750000e+01 5.27375000e+02
  1.41375000e+02 5.32125000e+02 2.73375000e+02 510. 3.33125000e+02
  5.34250000e+02 3.93500000e+02 5.36125000e+02 3.94500000e+02
  4.86125000e+02 3.68625000e+02 5.18125000e+02 5.42500000e+02
  5.00875000e+02 5.97375000e+02 513. 7.80375000e+02 5.24875000e+02
  9.23375000e+02 4.89875000e+02 9.25250000e+02 4.94125000e+02
  9.92375000e+02 4.97125000e+02 9.33375000e+02 495. 9.95500000e+02 455.
  1.02037500e+03 4.85125000e+02 1.08037500e+03 470. 1.09750000e+03 479.
  1.07937500e+03 5.10125000e+02 1.09650000e+03 5.33125000e+02
  1.17650000e+03 5.35875000e+02 1.12337500e+03 482. 1.12612500e+03
  4.98875000e+02 1.15850000e+03 5.01250000e+02 1.15037500e+03
  4.92125000e+02 1.23325000e+03 4.87875000e+02 1.29237500e+03 534.
  1.30862500e+03 5.16125000e+02 1300. 5.08500000e+02 1.36537500e+03 507.
  5.86250000e+01 5.52875000e+02 1.42375000e+02 545. 2.88500000e+02
  5.71125000e+02 2.68625000e+02 5.73125000e+02 3.49500000e+02
  5.91250000e+02 3.51500000e+02 6.03125000e+02 5.60625000e+02
  5.66250000e+02 5.62500000e+02 577. 6.00625000e+02 5.59875000e+02
  6.85375000e+02 5.91125000e+02 7.64500000e+02 597. 7.70625000e+02
  5.72125000e+02 8.28500000e+02 5.81875000e+02 1.06650000e+03 596.
  4.77500000e+01 655. 7.15375000e+02 649. 7.14625000e+02 6.76125000e+02
  7.99500000e+02 676. 7.65625000e+02 6.66125000e+02 8.13625000e+02
  6.59875000e+02 8.22500000e+02 6.64875000e+02 1.48837500e+03
  6.35125000e+02 7.96250000e+02 750. 8.04250000e+02 7.37125000e+02
  8.28375000e+02 760. 1.15137500e+03 7.33875000e+02 2.44625000e+02 795.
  3.35625000e+02 7.87125000e+02 4.86375000e+02 8.32250000e+02
  4.97375000e+02 7.86125000e+02 5.94750000e+02 8.06125000e+02
  5.89625000e+02 8.19500000e+02 5.24375000e+02 788. 5.42375000e+02
  7.99250000e+02 6.73500000e+02 8.33125000e+02 7.19625000e+02
  7.94250000e+02 7.85250000e+02 8.29125000e+02 8.52625000e+02 779.
  8.58250000e+02 7.99875000e+02 8.64250000e+02 8.33125000e+02
  8.33375000e+02 8.03125000e+02 8.36375000e+02 833. 1.15087500e+03
  8.18875000e+02 1.22937500e+03 787. 1.24437500e+03 7.93125000e+02
  3.89625000e+02 916. 3.93500000e+02 908. 4.38625000e+02 9.12750000e+02
  4.56375000e+02 899. 5.93750000e+02 864. 6.22500000e+02 9.05500000e+02
  6.75500000e+02 852. 7.15375000e+02 8.54125000e+02 7.23500000e+02
  8.66125000e+02 8.80375000e+02 9.18125000e+02 8.76375000e+02
  9.10625000e+02 8.22250000e+02 9.19875000e+02 9.49250000e+02
  8.58625000e+02 1.00037500e+03 8.86125000e+02 1.17012500e+03
  8.63875000e+02 1.94375000e+02 970. 2.56375000e+02 9.66875000e+02
  3.01875000e+02 9.73125000e+02 3.41500000e+02 989. 3.32125000e+02 998.
  3.79375000e+02 9.44125000e+02 4.46875000e+02 9.66125000e+02
  5.19500000e+02 9.71125000e+02 6.18375000e+02 9.93375000e+02
  6.55250000e+02 987. 7.33375000e+02 956. 8.26375000e+02 9.31875000e+02
  8.47375000e+02 9.41875000e+02 8.99125000e+02 9.36125000e+02
  9.26500000e+02 9.58125000e+02 9.76125000e+02 992. 9.56250000e+02
