<?xml version="1.0"?>
<opencv_storage>
<Points0>
  2.91375000e+02 1.46750000e+02 298. 1.45875000e+02 295. 151.
  3.01250000e+02 1.49875000e+02 3.76250000e+02 1.35750000e+02
  3.63375000e+02 1.48875000e+02 3.48500000e+02 142. 374. 102.
  3.26875000e+02 1.42125000e+02 439. 1.50875000e+02 4.11875000e+02 150.
  4.67125000e+02 1.27875000e+02 5.23625000e+02 1.32875000e+02
  5.42750000e+02 1.34625000e+02 601. 1.37250000e+02 576. 1.19250000e+02
  6.65625000e+02 1.44250000e+02 6.38500000e+02 1.41875000e+02
  6.49750000e+02 1.24750000e+02 6.29250000e+02 9.73750000e+01
  6.29125000e+02 1.22250000e+02 7.45750000e+02 1.50125000e+02
  8.59625000e+02 1.47250000e+02 1.08887500e+03 129. 1.08062500e+03
  1.15375000e+02 1.18875000e+03 1.38250000e+02 1.18887500e+03 143.
  5.91250000e+01 1.96875000e+02 9.28750000e+01 1.78750000e+02
  8.87500000e+01 1.74125000e+02 1.77500000e+01 190. 1.18750000e+01
  1.83625000e+02 1.35875000e+02 185. 163. 1.69750000e+02 158.
  1.64375000e+02 1.73125000e+02 1.68625000e+02 2.42875000e+02
  1.68125000e+02 2.80875000e+02 1.60875000e+02 2.26625000e+02
  1.61125000e+02 218. 1.61875000e+02 440. 1.63125000e+02 4.12125000e+02
  1.63625000e+02 4.71125000e+02 204. 4.13750000e+02 2.22750000e+02
  4.43250000e+02 225. 5.72625000e+02 1.62875000e+02 5.86125000e+02
  1.69250000e+02 5.61125000e+02 1.91250000e+02 5.94875000e+02 213.
  6.37875000e+02 1.68125000e+02 665. 1.69125000e+02 6.58875000e+02 183.
  6.35875000e+02 2.21875000e+02 6.63875000e+02 223. 745. 1.74875000e+02
  7.17125000e+02 1.72250000e+02 7.41750000e+02 228. 7.14875000e+02
  2.27125000e+02 7.87500000e+02 227. 886. 1.86875000e+02 8.59875000e+02
  159. 8.31250000e+02 2.29375000e+02 8.21125000e+02 2.10500000e+02 893.
  2.12250000e+02 9.56125000e+02 192. 980. 1.69125000e+02 9.34750000e+02
  1.65750000e+02 1.06612500e+03 1.96875000e+02 1.04850000e+03
  1.63250000e+02 1.20975000e+03 2.13375000e+02 1.25037500e+03
  2.21125000e+02 4.43750000e+02 238. 415. 237. 4.74125000e+02
  2.75875000e+02 4.16875000e+02 2.93875000e+02 4.45875000e+02
  2.95125000e+02 5.20625000e+02 278. 5.48250000e+02 2.80250000e+02
  5.95250000e+02 2.83250000e+02 5.50625000e+02 2.63125000e+02 561. 266.
  6.63250000e+02 2.40250000e+02 636. 2.38875000e+02 6.37750000e+02
  2.53875000e+02 6.34625000e+02 291. 6.61750000e+02 2.92750000e+02
  7.39750000e+02 2.73125000e+02 739. 2.85125000e+02 713. 2.72125000e+02
  7.82875000e+02 295. 7.94875000e+02 2.81125000e+02 8.95125000e+02
  3.02125000e+02 852. 2.99125000e+02 8.78125000e+02 2.55875000e+02
  8.65125000e+02 283. 8.87875000e+02 2.84250000e+02 9.48875000e+02
  2.60250000e+02 972. 239. 9.86875000e+02 2.68125000e+02 1011.
  2.69250000e+02 9.27875000e+02 2.37125000e+02 1.25250000e+03
  2.64875000e+02 1.24562500e+03 2.63250000e+02 1.34887500e+03
  2.40250000e+02 1.33412500e+03 2.86250000e+02 1.34287500e+03
  2.89125000e+02 1.35287500e+03 2.91750000e+02 1.39687500e+03
  3.03125000e+02 4.75125000e+02 3.43875000e+02 4.60625000e+02 364.
  400. 363. 550. 3.49125000e+02 5.53875000e+02 358.
  5.53625000e+02 364. 617. 375. 6.42875000e+02
  3.65125000e+02 6.36125000e+02 3.21125000e+02 659. 322. 6.44375000e+02
  3.17500000e+02 8.02250000e+02 3.64750000e+02 7.50125000e+02
  3.65750000e+02 751. 367. 7.76875000e+02 379.
  8.02125000e+02 3.72875000e+02 8.74875000e+02 3.62250000e+02
  8.63875000e+02 3.60750000e+02 8.54875000e+02 3.61125000e+02
  9.07875000e+02 3.74375000e+02 8.71625000e+02 3.20750000e+02
  9.40625000e+02 3.24875000e+02 9.45375000e+02 3.76125000e+02 933.
  3.77875000e+02 9.38375000e+02 3.70875000e+02 9.47875000e+02
  3.68625000e+02 1088. 376. 1109. 3.68875000e+02 1.08287500e+03 374.
  1093. 375. 1.28162500e+03 3.44750000e+02 1.27437500e+03 342.
  1.26587500e+03 3.38625000e+02 1.28250000e+03 3.16125000e+02
  1.28150000e+03 3.41250000e+02 1.33262500e+03 3.65125000e+02
  1.32425000e+03 3.61750000e+02 1.33275000e+03 3.60125000e+02
  1.33312500e+03 3.33875000e+02 1.34387500e+03 3.35875000e+02
  3.75750000e+02 448. 3.82750000e+02 4.50875000e+02 3.71125000e+02
  3.91875000e+02 3.98875000e+02 4.31125000e+02 4.09875000e+02
  3.71750000e+02 428. 4.38250000e+02 4.18875000e+02 4.26125000e+02
  5.70875000e+02 4.14125000e+02 6.46250000e+02 3.94875000e+02
  7.21875000e+02 406. 7.79875000e+02 406. 8.40750000e+02 4.11250000e+02
  8.25875000e+02 4.02750000e+02 8.80875000e+02 4.05125000e+02
  9.07625000e+02 4.06125000e+02 8.82250000e+02 3.95250000e+02
  9.19875000e+02 431. 962. 401. 9.61125000e+02 4.22750000e+02
  9.97875000e+02 420. 9.96625000e+02 4.03375000e+02 1021. 4.03250000e+02
  1057. 435. 1.07462500e+03 4.45125000e+02 1.08112500e+03 4.20125000e+02
  1.06187500e+03 396. 1.18175000e+03 3.94250000e+02 1.17287500e+03
  4.50125000e+02 1.36462500e+03 4.57250000e+02 3.51250000e+01
  5.12125000e+02 1.68750000e+01 5.27375000e+02 1.40875000e+02
  5.32125000e+02 2.72875000e+02 510. 3.32625000e+02 5.34250000e+02 393.
  5.36125000e+02 394. 4.86125000e+02 3.68125000e+02 5.18125000e+02 542.
  5.00875000e+02 5.96875000e+02 513. 7.79875000e+02 5.24875000e+02
   9.22875000e+02 4.89875000e+02
  9.24750000e+02 4.94125000e+02 9.91875000e+02 4.97125000e+02
  9.32875000e+02 495. 995. 455. 1.01987500e+03 4.85125000e+02
  1.07987500e+03 470. 1097. 479. 1.07887500e+03 5.10125000e+02 1096.
  5.33125000e+02 1176. 5.35875000e+02 1.12287500e+03 482. 1.12562500e+03
  4.98875000e+02 1158. 5.01250000e+02 1.14987500e+03 4.92125000e+02
  1.23275000e+03 4.87875000e+02 1.29187500e+03 534. 1.30812500e+03
  5.16125000e+02 1.29950000e+03 5.08500000e+02 1.36487500e+03 507.
  5.81250000e+01 5.52875000e+02 1.41875000e+02 545. 288. 5.71125000e+02
  2.68125000e+02 5.73125000e+02 349. 5.91250000e+02 351. 6.03125000e+02
  5.60125000e+02 5.66250000e+02 562. 577. 6.00125000e+02 5.59875000e+02
  6.84875000e+02 5.91125000e+02 764. 597. 7.70125000e+02 5.72125000e+02
  828. 5.81875000e+02  1066. 596. 4.72500000e+01 655.
  7.14875000e+02 649. 7.14125000e+02 6.76125000e+02 799. 676.
  7.65125000e+02 6.66125000e+02 8.13125000e+02 6.59875000e+02 822.
  6.64875000e+02 1.48787500e+03 6.35125000e+02 7.95750000e+02 750.
  8.03750000e+02 7.37125000e+02 8.27875000e+02 760. 1.15087500e+03
  7.33875000e+02 2.44125000e+02 795. 3.35125000e+02 7.87125000e+02
  4.85875000e+02 8.32250000e+02 4.96875000e+02 7.86125000e+02
  5.94250000e+02 8.06125000e+02 5.89125000e+02 8.19500000e+02
  5.23875000e+02 788. 5.41875000e+02 7.99250000e+02 673. 8.33125000e+02
  7.19125000e+02 7.94250000e+02 7.84750000e+02 8.29125000e+02
  8.52125000e+02 779. 8.57750000e+02 7.99875000e+02 8.63750000e+02
  8.33125000e+02 8.32875000e+02 8.03125000e+02 8.35875000e+02 833.
  1.15037500e+03 8.18875000e+02 1.22887500e+03 787. 1.24387500e+03
  7.93125000e+02 3.89125000e+02 916. 393. 908. 4.38125000e+02
  9.12750000e+02 4.55875000e+02 899. 5.93250000e+02 864. 622.
  9.05500000e+02 675. 852. 7.14875000e+02 8.54125000e+02 723.
  8.66125000e+02 8.79875000e+02 9.18125000e+02 8.75875000e+02
  9.10625000e+02 8.21750000e+02 9.19875000e+02 9.48750000e+02
  8.58625000e+02 9.99875000e+02 8.86125000e+02  1.16962500e+03 8.63875000e+02 1.93875000e+02 970.
  2.55875000e+02 9.66875000e+02 3.01375000e+02 9.73125000e+02 341. 989.
  3.31625000e+02 998. 3.78875000e+02 9.44125000e+02 4.46375000e+02
  9.66125000e+02 519. 9.71125000e+02  6.17875000e+02
  9.93375000e+02 6.54750000e+02 987. 7.32875000e+02 956. 8.25875000e+02
  9.31875000e+02 8.46875000e+02 9.41875000e+02 8.98625000e+02
  9.36125000e+02 926. 9.58125000e+02 9.75625000e+02 992. 9.55750000e+02
  9.75500000e+02 3.34875000e+02 1062. 3.47125000e+02 1019.
  3.61750000e+02 1.02375000e+03 3.52375000e+02 1.05512500e+03 354.
  1.02725000e+03  413. 1070. 5.54875000e+02
  1027. 6.39625000e+02 1.01187500e+03  6.58875000e+02
  1046. 776. 1060. 7.77125000e+02 1.06387500e+03 8.41125000e+02 1029.
  871. 1.03875000e+03 8.82125000e+02 1.05425000e+03 8.89875000e+02
  1.03587500e+03 866. 1.06587500e+03  5.64750000e+02
  3.77375000e+02 4.33375000e+02 431. 1.13487500e+03 447. 7.30500000e+02
  4.86375000e+02 7.86125000e+02 5.24250000e+02 7.88875000e+02
